crosslingual_lt-sr-0000: ([0.72, 0.71, 0.67, 0.64, 0.64, 0.65, 0.71, 0.69, 0.7, 0.68, 0.69], 0.68)
crosslingual_de_ann1-lt-0000: [[0.64, 0.62, 0.61, 0.35, 0.63, 0.64, 0.37, 0.38, 0.38, 0.64, 0.39], 0.51, 0.63]
crosslingual_de_ann2-lt-0000: [[0.69, 0.65, 0.64, 0.62, 0.37, 0.37, 0.68, 0.69, 0.38, 0.39, 0.72], 0.56, 0.67]
crosslingual_de_ann3-lt-0000: [[0.37, 0.36, 0.37, 0.63, 0.37, 0.65, 0.37, 0.69, 0.65, 0.65, 0.7], 0.53, 0.66]
crosslingual_de-lt-0000: [[0.67, 0.64, 0.62, 0.62, 0.63, 0.65, 0.68, 0.69, 0.65, 0.65, 0.71], 0.66]
crosslingual_de_ann1-sr-0000: [[0.6, 0.61, 0.62, 0.35, 0.58, 0.61, 0.37, 0.38, 0.38, 0.67, 0.38], 0.5, 0.61]
crosslingual_de_ann2-sr-0000: [[0.67, 0.64, 0.66, 0.64, 0.36, 0.37, 0.67, 0.67, 0.38, 0.4, 0.71], 0.56, 0.67]
crosslingual_de_ann3-sr-0000: [[0.35, 0.37, 0.37, 0.66, 0.36, 0.63, 0.37, 0.69, 0.68, 0.7, 0.73], 0.54, 0.68]
crosslingual_de-sr-0000: [[0.64, 0.62, 0.64, 0.65, 0.58, 0.62, 0.67, 0.68, 0.68, 0.69, 0.72], 0.65]
interannotator_de_ann1-de_ann2-0000: ([0.81, 0.83, 0.81], 0.82)
interannotator_de_ann1-de_ann3-0000: ([0.92, 0.91], 0.92)
interannotator_de_ann2-de_ann3-0000: ([0.87, 0.88, 0.88], 0.88)
empty_vs_annotated_de_ann1-0000: [[0.38, 0.39, 0.4, 0.97, 0.4, 0.39, 0.98, 0.97, 0.98, 0.41, 0.96], 0.66, 0.4]
empty_vs_annotated_de_ann2-0000: [[0.39, 0.39, 0.39, 0.37, 0.96, 0.98, 0.4, 0.39, 0.98, 0.98, 0.4], 0.6, 0.39]
empty_vs_annotated_de_ann3-0000: [[1.0, 0.96, 0.98, 0.37, 0.96, 0.39, 0.97, 0.39, 0.41, 0.4, 0.4], 0.66, 0.39]
empty_vs_annotated_de-0000: [[0.39, 0.39, 0.4, 0.37, 0.4, 0.39, 0.4, 0.39, 0.41, 0.41, 0.4], 0.4]
empty_vs_annotated_lt-0000: ([0.4, 0.4, 0.4, 0.39, 0.4, 0.41, 0.43, 0.41, 0.41, 0.42, 0.42], 0.41)
empty_vs_annotated_sr-0000: ([0.39, 0.4, 0.4, 0.38, 0.4, 0.4, 0.41, 0.41, 0.41, 0.43, 0.41], 0.4)
crosslingual_lt-sr-1111: ([0.74, 0.71, 0.7, 0.67, 0.67, 0.69, 0.74, 0.72, 0.72, 0.7, 0.71], 0.71)
crosslingual_de_ann1-lt-1111: [[0.66, 0.65, 0.63, 0.35, 0.66, 0.66, 0.37, 0.38, 0.38, 0.66, 0.39], 0.53, 0.65]
crosslingual_de_ann2-lt-1111: [[0.71, 0.68, 0.67, 0.65, 0.37, 0.37, 0.71, 0.71, 0.38, 0.39, 0.74], 0.58, 0.7]
crosslingual_de_ann3-lt-1111: [[0.37, 0.36, 0.37, 0.66, 0.37, 0.67, 0.37, 0.71, 0.67, 0.67, 0.72], 0.54, 0.68]
crosslingual_de-lt-1111: [[0.69, 0.67, 0.65, 0.66, 0.66, 0.67, 0.71, 0.71, 0.67, 0.67, 0.73], 0.68]
crosslingual_de_ann1-sr-1111: [[0.62, 0.63, 0.65, 0.35, 0.61, 0.64, 0.37, 0.38, 0.38, 0.7, 0.38], 0.52, 0.64]
crosslingual_de_ann2-sr-1111: [[0.69, 0.66, 0.69, 0.65, 0.36, 0.37, 0.7, 0.69, 0.38, 0.4, 0.73], 0.57, 0.69]
crosslingual_de_ann3-sr-1111: [[0.35, 0.37, 0.37, 0.67, 0.36, 0.66, 0.37, 0.7, 0.69, 0.73, 0.75], 0.55, 0.7]
crosslingual_de-sr-1111: [[0.66, 0.65, 0.67, 0.66, 0.61, 0.65, 0.7, 0.69, 0.69, 0.71, 0.74], 0.68]
interannotator_de_ann1-de_ann2-1111: ([0.82, 0.85, 0.83], 0.83)
interannotator_de_ann1-de_ann3-1111: ([0.93, 0.92], 0.93)
interannotator_de_ann2-de_ann3-1111: ([0.89, 0.9, 0.91], 0.9)
empty_vs_annotated_de_ann1-1111: [[0.38, 0.39, 0.4, 0.97, 0.4, 0.39, 0.97, 0.98, 0.98, 0.41, 0.96], 0.66, 0.4]
empty_vs_annotated_de_ann2-1111: [[0.39, 0.39, 0.39, 0.37, 0.96, 0.98, 0.4, 0.39, 0.98, 0.98, 0.4], 0.6, 0.39]
empty_vs_annotated_de_ann3-1111: [[1.0, 0.96, 0.98, 0.37, 0.96, 0.39, 0.97, 0.39, 0.41, 0.4, 0.4], 0.66, 0.39]
empty_vs_annotated_de-1111: [[0.39, 0.39, 0.4, 0.37, 0.4, 0.39, 0.4, 0.39, 0.41, 0.41, 0.4], 0.4]
empty_vs_annotated_lt-1111: ([0.4, 0.4, 0.4, 0.39, 0.4, 0.41, 0.43, 0.41, 0.41, 0.42, 0.42], 0.41)
empty_vs_annotated_sr-1111: ([0.39, 0.4, 0.4, 0.38, 0.4, 0.4, 0.41, 0.41, 0.41, 0.43, 0.41], 0.4)
crosslingual_lt-sr-1000: ([0.73, 0.71, 0.68, 0.66, 0.67, 0.68, 0.73, 0.71, 0.71, 0.69, 0.7], 0.7)
crosslingual_de_ann1-lt-1000: [[0.66, 0.64, 0.62, 0.35, 0.65, 0.65, 0.37, 0.38, 0.38, 0.65, 0.39], 0.52, 0.65]
crosslingual_de_ann2-lt-1000: [[0.7, 0.67, 0.66, 0.63, 0.37, 0.37, 0.7, 0.7, 0.38, 0.39, 0.74], 0.57, 0.69]
crosslingual_de_ann3-lt-1000: [[0.37, 0.36, 0.37, 0.65, 0.37, 0.66, 0.37, 0.71, 0.66, 0.66, 0.72], 0.54, 0.68]
crosslingual_de-lt-1000: [[0.68, 0.66, 0.64, 0.64, 0.65, 0.66, 0.7, 0.7, 0.66, 0.66, 0.73], 0.67]
crosslingual_de_ann1-sr-1000: [[0.62, 0.62, 0.64, 0.35, 0.6, 0.63, 0.37, 0.38, 0.38, 0.69, 0.38], 0.51, 0.63]
crosslingual_de_ann2-sr-1000: [[0.69, 0.65, 0.68, 0.65, 0.36, 0.37, 0.69, 0.69, 0.38, 0.4, 0.72], 0.57, 0.68]
crosslingual_de_ann3-sr-1000: [[0.35, 0.37, 0.37, 0.67, 0.36, 0.65, 0.37, 0.7, 0.69, 0.72, 0.74], 0.54, 0.69]
crosslingual_de-sr-1000: [[0.66, 0.64, 0.66, 0.66, 0.6, 0.64, 0.69, 0.69, 0.69, 0.7, 0.73], 0.67]
interannotator_de_ann1-de_ann2-1000: ([0.82, 0.84, 0.83], 0.83)
interannotator_de_ann1-de_ann3-1000: ([0.93, 0.92], 0.93)
interannotator_de_ann2-de_ann3-1000: ([0.89, 0.89, 0.9], 0.89)
empty_vs_annotated_de_ann1-1000: [[0.38, 0.39, 0.4, 0.97, 0.4, 0.39, 0.97, 0.97, 0.98, 0.41, 0.96], 0.66, 0.4]
empty_vs_annotated_de_ann2-1000: [[0.39, 0.39, 0.39, 0.37, 0.96, 0.98, 0.4, 0.39, 0.98, 0.98, 0.4], 0.6, 0.39]
empty_vs_annotated_de_ann3-1000: [[1.0, 0.96, 0.98, 0.37, 0.97, 0.39, 0.97, 0.39, 0.41, 0.4, 0.4], 0.66, 0.39]
empty_vs_annotated_de-1000: [[0.39, 0.39, 0.4, 0.37, 0.4, 0.39, 0.4, 0.39, 0.41, 0.41, 0.4], 0.4]
empty_vs_annotated_lt-1000: ([0.4, 0.4, 0.4, 0.39, 0.4, 0.41, 0.43, 0.41, 0.41, 0.42, 0.42], 0.41)
empty_vs_annotated_sr-1000: ([0.39, 0.4, 0.4, 0.38, 0.4, 0.4, 0.41, 0.41, 0.41, 0.43, 0.41], 0.4)
crosslingual_lt-sr-0100: ([0.72, 0.71, 0.68, 0.64, 0.64, 0.67, 0.72, 0.69, 0.7, 0.68, 0.69], 0.69)
crosslingual_de_ann1-lt-0100: [[0.64, 0.63, 0.61, 0.35, 0.63, 0.64, 0.37, 0.38, 0.38, 0.64, 0.39], 0.51, 0.63]
crosslingual_de_ann2-lt-0100: [[0.7, 0.66, 0.66, 0.63, 0.37, 0.37, 0.69, 0.69, 0.38, 0.39, 0.73], 0.57, 0.68]
crosslingual_de_ann3-lt-0100: [[0.37, 0.36, 0.37, 0.64, 0.37, 0.65, 0.37, 0.69, 0.65, 0.66, 0.7], 0.53, 0.67]
crosslingual_de-lt-0100: [[0.67, 0.65, 0.64, 0.64, 0.63, 0.65, 0.69, 0.69, 0.65, 0.65, 0.71], 0.66]
crosslingual_de_ann1-sr-0100: [[0.6, 0.61, 0.62, 0.35, 0.58, 0.61, 0.37, 0.38, 0.38, 0.68, 0.38], 0.51, 0.62]
crosslingual_de_ann2-sr-0100: [[0.67, 0.64, 0.67, 0.64, 0.36, 0.37, 0.68, 0.67, 0.38, 0.4, 0.71], 0.56, 0.67]
crosslingual_de_ann3-sr-0100: [[0.35, 0.37, 0.37, 0.65, 0.36, 0.63, 0.37, 0.69, 0.68, 0.7, 0.73], 0.54, 0.68]
crosslingual_de-sr-0100: [[0.64, 0.62, 0.65, 0.65, 0.58, 0.62, 0.68, 0.68, 0.68, 0.69, 0.72], 0.66]
interannotator_de_ann1-de_ann2-0100: ([0.81, 0.83, 0.81], 0.82)
interannotator_de_ann1-de_ann3-0100: ([0.92, 0.91], 0.92)
interannotator_de_ann2-de_ann3-0100: ([0.87, 0.88, 0.88], 0.88)
empty_vs_annotated_de_ann1-0100: [[0.38, 0.39, 0.4, 0.97, 0.4, 0.39, 0.98, 0.98, 0.98, 0.41, 0.96], 0.66, 0.4]
empty_vs_annotated_de_ann2-0100: [[0.39, 0.39, 0.39, 0.37, 0.96, 0.98, 0.4, 0.39, 0.98, 0.98, 0.4], 0.6, 0.39]
empty_vs_annotated_de_ann3-0100: [[1.0, 0.96, 0.98, 0.37, 0.96, 0.39, 0.97, 0.39, 0.41, 0.4, 0.4], 0.66, 0.39]
empty_vs_annotated_de-0100: [[0.39, 0.39, 0.4, 0.37, 0.4, 0.39, 0.4, 0.39, 0.41, 0.41, 0.4], 0.4]
empty_vs_annotated_lt-0100: ([0.4, 0.4, 0.4, 0.39, 0.4, 0.41, 0.43, 0.41, 0.41, 0.42, 0.42], 0.41)
empty_vs_annotated_sr-0100: ([0.39, 0.4, 0.4, 0.38, 0.4, 0.4, 0.41, 0.41, 0.41, 0.43, 0.41], 0.4)
crosslingual_lt-sr-0010: ([0.72, 0.71, 0.67, 0.64, 0.64, 0.65, 0.71, 0.69, 0.7, 0.68, 0.69], 0.68)
crosslingual_de_ann1-lt-0010: [[0.64, 0.62, 0.61, 0.35, 0.63, 0.64, 0.37, 0.38, 0.38, 0.64, 0.39], 0.51, 0.63]
crosslingual_de_ann2-lt-0010: [[0.69, 0.65, 0.65, 0.62, 0.37, 0.37, 0.68, 0.69, 0.38, 0.39, 0.72], 0.56, 0.67]
crosslingual_de_ann3-lt-0010: [[0.37, 0.36, 0.37, 0.63, 0.37, 0.65, 0.37, 0.69, 0.65, 0.66, 0.7], 0.53, 0.66]
crosslingual_de-lt-0010: [[0.67, 0.64, 0.63, 0.62, 0.63, 0.65, 0.68, 0.69, 0.65, 0.65, 0.71], 0.66]
crosslingual_de_ann1-sr-0010: [[0.6, 0.61, 0.62, 0.35, 0.58, 0.61, 0.37, 0.38, 0.38, 0.68, 0.38], 0.51, 0.62]
crosslingual_de_ann2-sr-0010: [[0.67, 0.64, 0.67, 0.64, 0.36, 0.37, 0.67, 0.67, 0.38, 0.4, 0.71], 0.56, 0.67]
crosslingual_de_ann3-sr-0010: [[0.35, 0.37, 0.37, 0.66, 0.36, 0.63, 0.37, 0.69, 0.68, 0.71, 0.73], 0.54, 0.68]
crosslingual_de-sr-0010: [[0.64, 0.62, 0.65, 0.65, 0.58, 0.62, 0.67, 0.68, 0.68, 0.7, 0.72], 0.66]
interannotator_de_ann1-de_ann2-0010: ([0.81, 0.83, 0.81], 0.82)
interannotator_de_ann1-de_ann3-0010: ([0.92, 0.91], 0.92)
interannotator_de_ann2-de_ann3-0010: ([0.87, 0.88, 0.88], 0.88)
empty_vs_annotated_de_ann1-0010: [[0.38, 0.39, 0.4, 0.97, 0.4, 0.39, 0.98, 0.97, 0.98, 0.41, 0.96], 0.66, 0.4]
empty_vs_annotated_de_ann2-0010: [[0.39, 0.39, 0.39, 0.37, 0.96, 0.98, 0.4, 0.39, 0.98, 0.98, 0.4], 0.6, 0.39]
empty_vs_annotated_de_ann3-0010: [[1.0, 0.96, 0.98, 0.37, 0.96, 0.39, 0.97, 0.39, 0.41, 0.4, 0.4], 0.66, 0.39]
empty_vs_annotated_de-0010: [[0.39, 0.39, 0.4, 0.37, 0.4, 0.39, 0.4, 0.39, 0.41, 0.41, 0.4], 0.4]
empty_vs_annotated_lt-0010: ([0.4, 0.4, 0.4, 0.39, 0.4, 0.41, 0.43, 0.41, 0.41, 0.42, 0.42], 0.41)
empty_vs_annotated_sr-0010: ([0.39, 0.4, 0.4, 0.38, 0.4, 0.4, 0.41, 0.41, 0.41, 0.43, 0.41], 0.4)
crosslingual_lt-sr-0001: ([0.72, 0.71, 0.67, 0.64, 0.64, 0.65, 0.71, 0.69, 0.7, 0.68, 0.69], 0.68)
crosslingual_de_ann1-lt-0001: [[0.64, 0.62, 0.6, 0.35, 0.63, 0.64, 0.37, 0.38, 0.38, 0.64, 0.39], 0.51, 0.63]
crosslingual_de_ann2-lt-0001: [[0.69, 0.65, 0.65, 0.62, 0.37, 0.37, 0.68, 0.69, 0.38, 0.39, 0.72], 0.56, 0.67]
crosslingual_de_ann3-lt-0001: [[0.37, 0.36, 0.37, 0.64, 0.37, 0.65, 0.37, 0.69, 0.65, 0.65, 0.7], 0.53, 0.66]
crosslingual_de-lt-0001: [[0.67, 0.64, 0.62, 0.63, 0.63, 0.65, 0.68, 0.69, 0.65, 0.65, 0.71], 0.66]
crosslingual_de_ann1-sr-0001: [[0.6, 0.61, 0.62, 0.35, 0.58, 0.61, 0.37, 0.38, 0.38, 0.67, 0.38], 0.5, 0.61]
crosslingual_de_ann2-sr-0001: [[0.68, 0.64, 0.66, 0.64, 0.36, 0.37, 0.67, 0.67, 0.38, 0.4, 0.71], 0.56, 0.67]
crosslingual_de_ann3-sr-0001: [[0.35, 0.37, 0.37, 0.65, 0.36, 0.63, 0.37, 0.69, 0.68, 0.7, 0.73], 0.54, 0.68]
crosslingual_de-sr-0001: [[0.64, 0.62, 0.64, 0.65, 0.58, 0.62, 0.67, 0.68, 0.68, 0.69, 0.72], 0.65]
interannotator_de_ann1-de_ann2-0001: ([0.81, 0.83, 0.81], 0.82)
interannotator_de_ann1-de_ann3-0001: ([0.92, 0.91], 0.92)
interannotator_de_ann2-de_ann3-0001: ([0.88, 0.88, 0.89], 0.88)
empty_vs_annotated_de_ann1-0001: [[0.38, 0.39, 0.4, 0.97, 0.4, 0.39, 0.97, 0.97, 0.98, 0.41, 0.96], 0.66, 0.4]
empty_vs_annotated_de_ann2-0001: [[0.39, 0.39, 0.39, 0.37, 0.96, 0.98, 0.4, 0.39, 0.98, 0.98, 0.4], 0.6, 0.39]
empty_vs_annotated_de_ann3-0001: [[1.0, 0.96, 0.98, 0.37, 0.97, 0.39, 0.97, 0.39, 0.41, 0.4, 0.4], 0.66, 0.39]
empty_vs_annotated_de-0001: [[0.39, 0.39, 0.4, 0.37, 0.4, 0.39, 0.4, 0.39, 0.41, 0.41, 0.4], 0.4]
empty_vs_annotated_lt-0001: ([0.4, 0.4, 0.4, 0.39, 0.4, 0.41, 0.43, 0.41, 0.41, 0.42, 0.42], 0.41)
empty_vs_annotated_sr-0001: ([0.39, 0.4, 0.4, 0.38, 0.4, 0.4, 0.41, 0.41, 0.41, 0.43, 0.41], 0.4)
empty_de-lt: ([0.85, 0.83, 0.85, 0.82, 0.86, 0.83, 0.84, 0.83, 0.86, 0.85, 0.88], 0.85)
empty_de-sr: ([0.86, 0.86, 0.86, 0.85, 0.85, 0.84, 0.86, 0.87, 0.86, 0.87, 0.86], 0.86)
empty_lt-sr: ([0.89, 0.88, 0.87, 0.85, 0.87, 0.85, 0.88, 0.86, 0.88, 0.88, 0.86], 0.87)
############## data analysis completed ###############
